  0.002441
  0.002441
  0.002747
  0.091858
  1.417540
  1.505430
 -0.532227
 -1.459350
 -1.497500
 -1.489870
 -1.489560
 -1.482240
 -1.479490
 -1.478880
 -1.469420
 -1.468810
 -1.461180
 -1.458440
 -1.457820
 -1.448360
 -1.447140
 -1.439820
 -1.436770
 -1.436160
 -1.426700
 -1.426700
 -1.418760
 -1.415710
 -1.415100
 -1.405640
 -1.405030
 -1.397400
 -1.394350
 -1.393740
 -1.383970
 -1.383670
 -1.375730
 -1.373290
 -1.372380
 -1.362920
 -1.362300
 -1.354370
 -1.351620
 -1.351010
 -1.341550
 -1.340940
 -1.333010
 -1.329960
 -1.329960
 -1.320190
 -1.319580
 -1.311950
 -1.309200
 -1.307980
 -1.299740
 -1.299440
 -1.291810
 -1.288450
 -1.287840
 -1.278690
 -1.278080
 -1.269840
 -1.267090
 -1.266170
 -1.257020
 -1.256710
 -1.248780
 -1.246030
 -1.244810
 -1.235660
 -1.234740
 -1.227420
 -1.224670
 -1.223450
 -1.213990
 -1.213680
 -1.206050
 -1.203000
 -1.201780
 -1.192630
 -1.192320
 -1.184080
 -1.181640
 -1.181030
 -1.171570
 -1.170350
 -1.163020
 -1.159970
 -1.159670
 -1.149900
 -1.149600
 -1.141970
 -1.139220
 -1.138000
 -1.128850
 -1.128230
 -1.120300
 -1.117550
 -1.116940
 -1.107480
 -1.106570
 -1.098940
 -1.096500
 -1.095580
 -1.085820
 -1.085510
 -1.077580
 -1.074830
 -1.073910
 -1.064450
 -1.064150
 -1.056210
 -1.053470
 -1.052550
 -1.043090
 -1.042480
 -1.035460
 -1.033330
 -1.032410
 -1.022950
 -1.022340
 -1.014400
 -1.011660
 -1.011050
 -1.001590
 -1.001280
 -0.993042
 -0.990295
 -0.989685
 -0.980225
 -0.979614
 -0.971985
 -0.969238
 -0.968323
 -0.958862
 -0.958557
 -0.950623
 -0.947571
 -0.946960
 -0.937195
 -0.936890
 -0.928955
 -0.926514
 -0.925293
 -0.916443
 -0.915222
 -0.907898
 -0.905151
 -0.903931
 -0.895081
 -0.894165
 -0.886536
 -0.883484
 -0.882874
 -0.873108
 -0.872803
 -0.865173
 -0.862732
 -0.861206
 -0.852051
 -0.851440
 -0.843506
 -0.840759
 -0.840149
 -0.830688
 -0.830078
 -0.822144
 -0.819397
 -0.818787
 -0.809326
 -0.808716
 -0.801086
 -0.798340
 -0.797424
 -0.787964
 -0.787354
 -0.779419
 -0.776367
 -0.775757
 -0.767517
 -0.766907
 -0.759277
 -0.755920
 -0.755310
 -0.745850
 -0.745850
 -0.737610
 -0.734863
 -0.733948
 -0.724792
 -0.724182
 -0.716248
 -0.713196
 -0.712585
 -0.703430
 -0.702820
 -0.695496
 -0.692139
 -0.691528
 -0.682068
 -0.681458
 -0.673828
 -0.670776
 -0.670166
 -0.660706
 -0.659790
 -0.652466
 -0.649719
 -0.648804
 -0.639343
 -0.638428
 -0.631104
 -0.628052
 -0.627136
 -0.617981
 -0.617371
 -0.609741
 -0.606995
 -0.606384
 -0.596924
 -0.596008
 -0.588074
 -0.585022
 -0.584717
 -0.574951
 -0.574646
 -0.566711
 -0.563965
 -0.563354
 -0.553894
 -0.553284
 -0.545654
 -0.542603
 -0.541687
 -0.532532
 -0.532227
 -0.523987
 -0.521240
 -0.520630
 -0.511169
 -0.510559
 -0.503235
 -0.501099
 -0.500183
 -0.490723
 -0.489807
 -0.482483
 -0.479431
 -0.478821
 -0.469360
 -0.469055
 -0.460815
 -0.458069
 -0.457458
 -0.447693
 -0.447388
 -0.439453
 -0.437012
 -0.436096
 -0.426636
 -0.425720
 -0.418091
 -0.415649
 -0.414429
 -0.404968
 -0.404663
 -0.396729
 -0.393982
 -0.393372
 -0.383911
 -0.383606
 -0.375977
 -0.372925
 -0.372314
 -0.362244
 -0.361938
 -0.354309
 -0.351257
 -0.350037
 -0.340881
 -0.340271
 -0.332642
 -0.329895
 -0.329285
 -0.319824
 -0.319519
 -0.311584
 -0.308838
 -0.307922
 -0.298462
 -0.297852
 -0.290222
 -0.287170
 -0.286560
 -0.277100
 -0.276489
 -0.268555
 -0.265808
 -0.265198
 -0.255737
 -0.255127
 -0.247192
 -0.244446
 -0.243835
 -0.235291
 -0.234680
 -0.227051
 -0.223999
 -0.223083
 -0.213928
 -0.213013
 -0.205688
 -0.202637
 -0.202026
 -0.192261
 -0.191650
 -0.184021
 -0.181274
 -0.180969
 -0.170898
 -0.170593
 -0.162659
 -0.159912
 -0.159302
 -0.149536
 -0.149231
 -0.141296
 -0.138245
 -0.137939
 -0.128479
 -0.127869
 -0.119934
 -0.117188
 -0.116272
 -0.106812
 -0.106201
 -0.098572
 -0.096130
 -0.094604
 -0.085449
 -0.084839
 -0.077210
 -0.074463
 -0.073853
 -0.064392
 -0.063782
 -0.055847
 -0.053101
 -0.052185
 -0.042725
 -0.042419
 -0.034485
 -0.031433
 -0.030823
 -0.021667
 -0.020752
 -0.013123
 -0.010376
 -0.008850
  0.000000
  0.000305
