  0.003354
  0.003861
  0.004160
  0.004033
  0.003294
  0.001945
  0.000279
 -0.001261
 -0.002186
 -0.002063
 -0.000757
  0.001501
  0.004313
  0.007145
  0.009439
  0.010794
  0.010982
  0.009902
  0.007713
  0.004697
  0.001204
 -0.002321
 -0.005445
 -0.007847
 -0.009269
 -0.009563
 -0.008744
 -0.006884
 -0.004186
 -0.000878
  0.002789
  0.006524
  0.010055
  0.013158
  0.015630
  0.017314
  0.018080
  0.017833
  0.016627
  0.014564
  0.011777
  0.008439
  0.004706
  0.000755
 -0.003205
 -0.006975
 -0.010344
 -0.013120
 -0.015184
 -0.016432
 -0.016794
 -0.016264
 -0.014848
 -0.012638
 -0.009743
 -0.006310
 -0.002516
  0.001469
  0.005469
  0.009331
  0.012945
  0.016187
  0.018940
  0.021139
  0.022713
  0.023608
  0.023797
  0.023255
  0.022037
  0.020180
  0.017709
  0.014692
  0.011198
  0.007351
  0.003276
 -0.000911
 -0.005053
 -0.008987
 -0.012599
 -0.015772
 -0.018394
 -0.020398
 -0.021754
 -0.022477
 -0.022563
 -0.022020
 -0.020870
 -0.019102
 -0.016755
 -0.013886
 -0.010558
 -0.006872
 -0.002926
  0.001170
  0.005316
  0.009420
  0.013369
  0.017063
  0.020434
  0.023399
  0.025884
  0.027833
  0.029185
  0.029952
  0.030152
  0.029798
  0.028899
  0.027428
  0.025392
  0.022815
  0.019753
  0.016298
  0.012536
  0.008569
  0.004493
  0.000375
 -0.003724
 -0.007742
 -0.011627
 -0.015315
 -0.018702
 -0.021676
 -0.024137
 -0.026059
 -0.027422
 -0.028233
 -0.028533
 -0.028340
 -0.027670
 -0.026503
 -0.024819
 -0.022622
 -0.019913
 -0.016750
 -0.013226
 -0.009436
 -0.005473
 -0.001420
  0.002661
  0.006732
  0.010784
  0.014767
  0.018593
  0.022183
  0.025461
  0.028378
  0.030904
  0.033002
  0.034651
  0.035794
  0.036407
  0.036495
  0.036051
  0.035119
  0.033732
  0.031911
  0.029681
  0.027049
  0.024049
  0.020703
  0.017046
  0.013134
  0.009029
  0.004804
  0.000576
 -0.003579
 -0.007626
 -0.011523
 -0.015262
 -0.018821
 -0.022155
 -0.025204
 -0.027893
 -0.030173
 -0.032008
 -0.033380
 -0.034277
 -0.034682
 -0.034620
 -0.034097
 -0.033126
 -0.031734
 -0.029933
 -0.027749
 -0.025197
 -0.022285
 -0.019053
 -0.015534
 -0.011774
 -0.007828
 -0.003748
  0.000422
  0.004637
  0.008844
  0.013002
  0.017076
  0.021010
  0.024720
  0.028150
  0.031241
  0.033960
  0.036288
  0.038235
  0.039834
  0.041084
  0.041965
  0.042432
  0.042437
  0.041973
  0.041056
  0.039703
  0.037921
  0.035712
  0.033131
  0.030235
  0.027071
  0.023688
  0.020124
  0.016418
  0.012580
  0.008585
  0.004443
  0.000196
 -0.004089
 -0.008339
 -0.012470
 -0.016417
 -0.020129
 -0.023606
 -0.026847
 -0.029831
 -0.032515
 -0.034826
 -0.036744
 -0.038275
 -0.039443
 -0.040261
 -0.040716
 -0.040804
 -0.040490
 -0.039734
 -0.038538
 -0.036907
 -0.034873
 -0.032473
 -0.029736
 -0.026709
 -0.023427
 -0.019920
 -0.016220
 -0.012343
 -0.008306
 -0.004146
  0.000060
  0.004238
  0.008356
  0.012403
  0.016376
  0.020275
  0.024078
  0.027748
  0.031223
  0.034433
  0.037347
  0.039948
  0.042233
  0.044211
  0.045857
  0.047131
  0.047991
  0.048429
  0.048484
  0.048172
  0.047502
  0.046475
  0.045078
  0.043294
  0.041118
  0.038591
  0.035763
  0.032680
  0.029379
  0.025878
  0.022204
  0.018386
  0.014453
  0.010439
  0.006369
  0.002260
 -0.001882
 -0.006040
 -0.010191
 -0.014301
 -0.018311
 -0.022149
 -0.025752
 -0.029098
 -0.032198
 -0.035062
 -0.037663
 -0.039962
 -0.041942
 -0.043596
 -0.044933
 -0.045946
 -0.046611
 -0.046882
 -0.046728
 -0.046181
 -0.045284
 -0.044055
 -0.042504
 -0.040628
 -0.038440
 -0.035954
 -0.033199
 -0.030217
 -0.027034
 -0.023650
 -0.020054
 -0.016237
 -0.012221
 -0.008045
 -0.003769
  0.000544
  0.004828
  0.009036
  0.013142
  0.017147
  0.021048
  0.024838
  0.028520
  0.032091
  0.035518
  0.038751
  0.041739
  0.044415
  0.046732
  0.048725
  0.050427
  0.051854
  0.053009
  0.053858
  0.054379
  0.054545
  0.054348
  0.053803
  0.052908
  0.051698
  0.050185
  0.048369
  0.046250
  0.043809
  0.041069
  0.038066
  0.034821
  0.031355
  0.027678
  0.023830
  0.019868
  0.015843
  0.011795
  0.007719
  0.003584
 -0.000624
 -0.004880
 -0.009126
 -0.013298
 -0.017354
 -0.021276
 -0.025060
 -0.028689
 -0.032135
 -0.035382
 -0.038416
 -0.041213
 -0.043744
 -0.045983
 -0.047926
 -0.049565
 -0.050887
 -0.051877
 -0.052525
 -0.052863
 -0.052910
 -0.052669
 -0.052116
 -0.051223
 -0.050012
 -0.048497
 -0.046669
 -0.044529
 -0.042087
 -0.039371
 -0.036406
 -0.033222
 -0.029841
 -0.026266
 -0.022521
 -0.018621
 -0.014594
 -0.010485
 -0.006350
 -0.002226
  0.001879
  0.005987
  0.010121
  0.014291
  0.018457
  0.022546
  0.026510
  0.030328
  0.033983
  0.037476
  0.040804
  0.043951
  0.046876
  0.049533
  0.051914
  0.053999
  0.055789
  0.057292
  0.058499
  0.059414
  0.060034
  0.060356
  0.060381
  0.060092
  0.059496
  0.058599
  0.057410
  0.055949
  0.054207
  0.052187
  0.049896
  0.047336
  0.044538
  0.041546
  0.038407
  0.035128
  0.031674
  0.028002
  0.024114
  0.020052
  0.015884
  0.011667
  0.007429
  0.003189
 -0.001047
 -0.005268
 -0.009452
 -0.013563
 -0.017578
 -0.021492
 -0.025302
 -0.029011
 -0.032598
 -0.036039
 -0.039309
 -0.042382
 -0.045225
 -0.047824
 -0.050163
 -0.052238
 -0.054032
 -0.055525
 -0.056718
 -0.057592
 -0.058175
 -0.058495
 -0.058554
 -0.058350
 -0.057861
 -0.057092
 -0.056047
 -0.054738
 -0.053165
 -0.051306
 -0.049174
 -0.046795
 -0.044196
 -0.041401
 -0.038409
 -0.035222
 -0.031828
 -0.028220
 -0.024425
 -0.020463
 -0.016356
 -0.012129
 -0.007836
 -0.003536
  0.000735
  0.004943
  0.009080
  0.013163
  0.017197
  0.021180
  0.025111
  0.029011
  0.032880
  0.036667
  0.040294
  0.043712
  0.046880
  0.049791
  0.052474
  0.054950
  0.057221
  0.059278
  0.061091
  0.062632
  0.063885
  0.064864
  0.065579
  0.066030
  0.066212
  0.066100
  0.065724
  0.065099
  0.064214
  0.063042
  0.061558
  0.059791
  0.057790
  0.055582
  0.053186
  0.050591
  0.047807
  0.044832
  0.041661
  0.038288
  0.034723
  0.030986
  0.027091
  0.023056
  0.018924
  0.014732
  0.010513
  0.006293
  0.002068
 -0.002138
 -0.006314
 -0.010480
 -0.014636
 -0.018757
 -0.022820
 -0.026786
 -0.030602
 -0.034234
 -0.037657
 -0.040877
 -0.043928
 -0.046833
 -0.049587
 -0.052174
 -0.054563
 -0.056712
 -0.058605
 -0.060219
 -0.061551
 -0.062610
 -0.063402
 -0.063952
 -0.064272
 -0.064367
 -0.064232
 -0.063838
 -0.063171
 -0.062233
 -0.061013
 -0.059492
 -0.057665
 -0.055582
 -0.053299
 -0.050835
 -0.048197
 -0.045375
 -0.042371
 -0.039172
 -0.035780
 -0.032204
 -0.028466
 -0.024596
 -0.020613
 -0.016513
 -0.012309
 -0.008042
 -0.003785
  0.000409
  0.004529
  0.008595
  0.012650
  0.016723
  0.020810
  0.024886
  0.028917
  0.032878
  0.036752
  0.040510
  0.044098
  0.047465
  0.050585
  0.053485
  0.056201
  0.058737
  0.061088
  0.063230
  0.065153
  0.066845
  0.068310
  0.069544
  0.070539
  0.071304
  0.071840
  0.072140
  0.072193
  0.071993
  0.071531
  0.070790
  0.069774
  0.068494
  0.066959
  0.065189
  0.063188
  0.060922
  0.058345
  0.055408
  0.052118
  0.048494
  0.044590
  0.040480
  0.036236
  0.031920
  0.027556
  0.023168
  0.018814
  0.014605
  0.010736
  0.007488
  0.005083
  0.003574
  0.002844
  0.002528
