 -0.003052
 -0.003052
 -0.003052
 -0.003052
 -1.286620
 -1.502990
 -0.383301
  1.407780
  1.496890
  1.492000
  1.490780
  1.487120
  1.480410
  1.480100
  1.471250
  1.469730
  1.465450
  1.459350
  1.459050
  1.449890
  1.448060
  1.444400
  1.437990
  1.437680
  1.428530
  1.426700
  1.423030
  1.416630
  1.416320
  1.407170
  1.405640
  1.401670
  1.395570
  1.394960
  1.385800
  1.383970
  1.380000
  1.373900
  1.373290
  1.364440
  1.362610
  1.358640
  1.352540
  1.351930
  1.343080
  1.341550
  1.337280
  1.331180
  1.330870
  1.322020
  1.320500
  1.316530
  1.309510
  1.309810
  1.301270
  1.299440
  1.295470
  1.289370
  1.288760
  1.279910
  1.278080
  1.274410
  1.268010
  1.267700
  1.258540
  1.257020
  1.253050
  1.246640
  1.246030
  1.237180
  1.235350
  1.231380
  1.225280
  1.224980
  1.215820
  1.214290
  1.210630
  1.203610
  1.203610
  1.194460
  1.192930
  1.188660
  1.182250
  1.181950
  1.172790
  1.171260
  1.167600
  1.161190
  1.160890
  1.151730
  1.150210
  1.146240
  1.139530
  1.139220
  1.130070
  1.128850
  1.124880
  1.118470
  1.117860
  1.108700
  1.107480
  1.103210
  1.096800
  1.096500
  1.087040
  1.085820
  1.081850
  1.075130
  1.075130
  1.065980
  1.064450
  1.060180
  1.054080
  1.053770
  1.044310
  1.043090
  1.039430
  1.033630
  1.033330
  1.023860
  1.022640
  1.018980
  1.011960
  1.012270
  1.002810
  1.001280
  0.998535
  0.991211
  0.990906
  0.981445
  0.980225
  0.975952
  0.969543
  0.969238
  0.960083
  0.958557
  0.954590
  0.948181
  0.947876
  0.938721
  0.937195
  0.933228
  0.926819
  0.926208
  0.917358
  0.915833
  0.911560
  0.905457
  0.904846
  0.895386
  0.894165
  0.890503
  0.883789
  0.883484
  0.874329
  0.873108
  0.868835
  0.862427
  0.862122
  0.853271
  0.851440
  0.847473
  0.841064
  0.840454
  0.831604
  0.830078
  0.826111
  0.819397
  0.819092
  0.810242
  0.808411
  0.805054
  0.798035
  0.797729
  0.788574
  0.787354
  0.783386
  0.776672
  0.776672
  0.768127
  0.766907
  0.762939
  0.756226
  0.756226
  0.747070
  0.745544
  0.741272
  0.735168
  0.734558
  0.725403
  0.724182
  0.719910
  0.713501
  0.713196
  0.704041
  0.702820
  0.698853
  0.692444
  0.692139
  0.682678
  0.681152
  0.677490
  0.671082
  0.671082
  0.661621
  0.660400
  0.656433
  0.649719
  0.649719
  0.640259
  0.639038
  0.634766
  0.628357
  0.628357
  0.618896
  0.617371
  0.613403
  0.606995
  0.606995
  0.597839
  0.596313
  0.592346
  0.585632
  0.585327
  0.576477
  0.574951
  0.570984
  0.564575
  0.563965
  0.555115
  0.553284
  0.549622
  0.543518
  0.542603
  0.533752
  0.532532
  0.528564
  0.522156
  0.521545
  0.512390
  0.510864
  0.507202
  0.501099
  0.501099
  0.491943
  0.490417
  0.486450
  0.480042
  0.479431
  0.470276
  0.468750
  0.464783
  0.458374
  0.458374
  0.448608
  0.447083
  0.442810
  0.436707
  0.436707
  0.427246
  0.425720
  0.421753
  0.415039
  0.415039
  0.405884
  0.404358
  0.400391
  0.393677
  0.393677
  0.384521
  0.383301
  0.379028
  0.372314
  0.372314
  0.363159
  0.361938
  0.357666
  0.351563
  0.350952
  0.341797
  0.340271
  0.336304
  0.329590
  0.329590
  0.320435
  0.319214
  0.314941
  0.308533
  0.308228
  0.299072
  0.297546
  0.293579
  0.287170
  0.286865
  0.277710
  0.276489
  0.272217
  0.265808
  0.265808
  0.256653
  0.255127
  0.251160
  0.244446
  0.244446
  0.236206
  0.234680
  0.230408
  0.223999
  0.223694
  0.214233
  0.213013
  0.209045
  0.202332
  0.202026
  0.193176
  0.191956
  0.187988
  0.180969
  0.180969
  0.171814
  0.170593
  0.166321
  0.159912
  0.159607
  0.150146
  0.148926
  0.144653
  0.138550
  0.138245
  0.128784
  0.127563
  0.123596
  0.117188
  0.116882
  0.107727
  0.105896
  0.101929
  0.095825
  0.095520
  0.086365
  0.084534
  0.080566
  0.074463
  0.074158
  0.064697
  0.063782
  0.059509
  0.052795
  0.052795
  0.043640
  0.041809
  0.037842
  0.031433
  0.031433
  0.021973
  0.020447
  0.016480
  0.010376
  0.010071
  0.000916
 -0.000916
