 -0.025800
 -0.015708
 -0.007124
 -0.003362
 -0.003462
 -0.002820
  0.000162
 -0.000417
 -0.006389
 -0.011106
 -0.008377
  0.000303
  0.007852
  0.008281
  0.000892
 -0.010023
 -0.018051
 -0.018707
 -0.011513
  0.000139
  0.011042
  0.016667
  0.014826
  0.006245
 -0.005990
 -0.017685
 -0.025150
 -0.026201
 -0.020521
 -0.009919
  0.002553
  0.013878
  0.021373
  0.023118
  0.018724
  0.009255
 -0.003106
 -0.015699
 -0.025901
 -0.031797
 -0.032197
 -0.027095
 -0.017605
 -0.005323
  0.007621
  0.018826
  0.026471
  0.029322
  0.027009
  0.020159
  0.009806
 -0.002691
 -0.015673
 -0.026986
 -0.034956
 -0.038693
 -0.037671
 -0.032018
 -0.022550
 -0.010417
  0.002848
  0.015362
  0.025629
  0.032663
  0.035675
  0.034305
  0.028681
  0.019340
  0.007462
 -0.005639
 -0.018564
 -0.030080
 -0.038951
 -0.044036
 -0.044950
 -0.041828
 -0.035001
 -0.025117
 -0.013017
  0.000204
  0.013163
  0.024592
  0.033534
  0.039346
  0.041636
  0.040114
  0.034731
  0.026032
  0.014951
  0.002470
 -0.010691
 -0.023611
 -0.034875
 -0.043390
 -0.048746
 -0.050801
 -0.049395
 -0.044451
 -0.036211
 -0.025426
 -0.013086
  0.000018
  0.013048
  0.025028
  0.035056
  0.042399
  0.046615
  0.047465
  0.045052
  0.039466
  0.030956
  0.020035
  0.007481
 -0.005876
 -0.019116
 -0.031193
 -0.041380
 -0.049217
 -0.054384
 -0.056647
 -0.055783
 -0.051616
 -0.044290
 -0.034443
 -0.022792
 -0.009996
  0.003128
  0.015828
  0.027674
  0.037909
  0.045885
  0.051190
  0.053661
  0.052999
  0.049108
  0.042304
  0.033189
  0.022184
  0.009773
 -0.003499
 -0.016877
 -0.029510
 -0.040736
 -0.050058
 -0.057109
 -0.061616
 -0.063208
 -0.061749
 -0.057428
 -0.050520
 -0.041311
 -0.030284
 -0.018060
 -0.005039
  0.008307
  0.021201
  0.032898
  0.042895
  0.050950
  0.056481
  0.059212
  0.059193
  0.056335
  0.050909
  0.043231
  0.033529
  0.022114
  0.009459
 -0.003693
 -0.016899
 -0.029649
 -0.041223
 -0.051147
 -0.059172
 -0.065090
 -0.068434
 -0.068985
 -0.066836
 -0.062100
 -0.055056
 -0.045870
 -0.034936
 -0.022698
 -0.009555
  0.003799
  0.016676
  0.028892
  0.040093
  0.049533
  0.056975
  0.062335
  0.065207
  0.065407
  0.062973
  0.058083
  0.050930
  0.041962
  0.031429
  0.019468
  0.006490
 -0.007044
 -0.020677
 -0.033722
 -0.043600
 -0.045808
 -0.038800
 -0.026927
 -0.014739
 -0.005777
 -0.003545
 -0.011549
 -0.033294
 -0.072286
 -0.132031
 -0.216033
 -0.327799
 -0.470833
 -0.648642
 -0.864730
 -1.122604
 -1.425768
 -1.777728
 -2.181990
 -2.642058
 -3.161440
 -3.743639
 -4.392161
 -5.110513
 -5.902198
 -6.770724
 -7.719595
 -8.752316
 -9.872394
-11.083333
-12.388639
-13.791818
-15.296376
-16.905816
-18.623646
-20.453370
-22.398494
-24.462523
-26.648963
-28.961320
-31.403098
-33.977803
-36.688941
-39.540018
-42.534538
-45.676007
-48.967930
-52.413814
-56.017163
-59.781483
-63.710280
-67.807058
-72.075324
-76.518582
-81.140339
-85.944100
-90.933370
-96.111654
-101.482459
-107.049289
-112.815650
-118.785048
-124.960988
-131.346975
-137.946516
-144.763114
-151.800277
-159.061509
-166.550315
-174.270202
-182.224675
-190.417238
-198.851399
-207.530661
-216.458532
-225.638515
-235.074116
-244.768842
-254.726197
-264.949687
-275.442818
-286.209094
-297.252022
-308.575106
-320.181852
-332.075767
-344.260354
-356.739120
-369.515570
-382.593210
-395.975545
-409.666080
-423.668321
-437.985774
-452.621943
-467.580335
-482.864455
-498.477808
-514.423899
-530.706235
-547.328321
-564.293661
-581.605763
-599.268130
-617.284269
-635.657685
-654.391883
-673.490370
-692.956649
-712.794228
-733.006611
-753.597303
-774.569811
-795.927640
-817.674295
-839.813281
-862.348105
